"","1","2","3","4","5","6","7","8","9","10","11","12","13","14","15","16","17","18","19","20","21","22","23","24","25","26","27","28","29","30","31","32","33","34","35","36","37","38","39","40","41","42","43","44","45","46","47","48","49","50","51","52","53","54","55","56","57","58","59","60","61","62","63","64","65","66","67","68","69","70","71","72","73","74","75","76","77","78","79","80","81","82","83","84","85","86","87","88","89","90","91","92","93","94","95","96"
"1",0,3.43983801094095e-05,9.79130339297249e-05,4.09779862864125e-05,4.55857417252273e-05,0.000120663568187526,8.40087702129575e-05,2.07195035955095e-05,1.98766867728136e-05,2.86078489674252e-05,2.8040318182864e-05,4.49753454020304e-05,0.000201518112471951,4.4278574150155e-05,4.04010600204772e-05,2.26028138045232e-05,4.83140293171744e-05,2.79097688058887e-05,2.3929252810228e-05,0.000212186000956062,3.80019017527539e-05,1.1679518017064e-05,3.77925795219713e-05,0.00026515192381582,0.000186059327960309,3.39653195612329e-05,2.12751776317953e-05,5.19574411930326e-05,8.9079765880619e-06,1.06537638667279e-05,0.000101029915034898,8.44177555479021e-05,1.66343718730553e-05,9.46555908256945e-05,0.000116658766488194,5.7056579103248e-05,1.94273727130397e-05,3.54814647075946e-05,0.000730120168290366,0.000402105598442904,3.3473661278473e-05,2.04587921047242e-05,0.000303953859650963,9.48619094373396e-05,7.839945020906e-05,4.72134792603744e-05,1.62979416067538e-05,2.6892879586968e-05,3.07806977646584e-05,4.430979847821e-05,3.20261288240465e-05,4.50439878154748e-05,3.65993851839592e-05,1.70234826722053e-05,6.91630703664306e-05,2.0636554568681e-05,4.5375031213074e-05,9.33335103970172e-05,5.44557716403057e-05,0.000140624907383824,5.02405338001078e-05,1.67158470794731e-05,8.0009156422647e-05,0.000205556635895944,4.97685068060183e-05,1.92975194528216e-05,3.08204246734629e-05,0.000108371285114896,0.000146349878369609,0.00145509338007214,7.39173770270043e-05,0.000329026017861157,3.41477147303165e-05,0.000257512111610202,0.000632369775526572,0.000158024150153926,6.49516813043808e-05,9.3665804411735e-05,7.57685551804372e-05,2.32675724762026e-05,3.36934904050739e-05,2.45089098457619e-05,1.75645860016269e-05,0.000129847972518369,8.0933030735387e-05,4.19763342578131e-05,2.80633060701999e-05,2.89210627920487e-05,5.56817498587179e-05,3.90743579401346e-05,3.23145711676192e-05,7.70896498475991e-05,9.76886241312173e-05,6.908833832454e-05,7.19452803914388e-05,5.85192251800628e-05
"2",3.43983801094095e-05,0,2.15618617452162e-05,1.24593503024856e-05,1.02293564240919e-05,4.67137213832858e-05,1.87928764185632e-05,0.000212025009198458,1.82904327877157e-05,4.74874766916288e-05,2.22150822842896e-05,2.42281317154706e-05,7.98594997890134e-05,7.32775669280013e-05,1.69021448245151e-05,2.1079712065177e-05,4.52593151367308e-05,2.26179648228267e-05,1.71477204285687e-05,5.53916871257037e-05,3.83690672250124e-05,7.4592269533016e-06,3.24319681991513e-05,5.80827932906356e-05,3.2966822888889e-05,8.39506067967239e-05,4.67728892244266e-05,4.86723677964426e-05,7.82986787358866e-06,8.32627111895528e-06,3.7626652796648e-05,7.24715989157343e-05,1.55134565325186e-05,8.82771772231982e-05,6.17473675365782e-05,6.26876806675294e-05,1.87688512047407e-05,4.0294914127409e-05,7.84053679541402e-05,2.82186497720428e-05,3.12180221285665e-05,2.82829012359554e-05,3.92827814174608e-05,1.84130908194643e-05,7.79289122067835e-05,8.49612465878382e-05,1.27701754397032e-05,2.46927319674015e-05,1.06257658182441e-05,4.73556170820198e-05,4.13792068955289e-05,0.00060957784582916,3.83129539903986e-05,2.06325336765782e-05,9.94713230589155e-05,4.09959675199119e-05,4.37517054709163e-05,0.000147365806002939,2.28071506051442e-05,0.00051727245245563,0.000218951213221807,2.7540590668444e-05,0.000250764025145452,4.51079975311279e-05,4.64148314655727e-05,1.79971466011115e-05,2.55625474766555e-05,0.000116328357970668,6.77010622136887e-05,9.10640330437261e-05,2.82385873384678e-05,4.06622647838322e-05,4.47500851133902e-05,2.42373014572851e-05,5.0221781125904e-05,0.000434672707206979,0.000161270097322302,0.000279451756134403,0.000211363184356796,2.23355459728081e-05,0.000108527417717196,1.92038409584526e-05,1.49092724329682e-05,5.6418874233653e-05,2.58773025032221e-05,3.98360130674812e-05,2.73995580040857e-05,2.42813586787999e-05,4.32542077399845e-05,4.91876633016041e-05,1.25031310858107e-05,0.000206905169614895,0.000268709426205298,0.000228140406053708,0.000195403073719667,0.000171433530750723
"3",9.79130339297249e-05,2.15618617452162e-05,0,1.02338227688269e-05,9.13329463190622e-06,3.33864536739855e-05,3.95250876570872e-05,1.21571695332975e-05,1.32546333411708e-05,1.77259022949703e-05,1.80165995640815e-05,3.77150601714684e-05,6.2348883248167e-05,2.70496103353164e-05,6.22880444187453e-05,2.02115126666039e-05,3.39109139763991e-05,0.000169661301424049,5.89212540167766e-05,7.75981598964106e-05,2.29158557317565e-05,9.75385432375523e-05,3.97317259678466e-05,4.38997707972636e-05,5.76867038576888e-05,2.21735192569006e-05,1.62661071814824e-05,3.13313063729626e-05,5.04023125057732e-06,5.3597752314693e-06,4.63317119229673e-05,5.86133334537241e-05,1.16612289603105e-05,6.7242871628221e-05,5.46446378161921e-05,3.44061816638645e-05,8.99955629193381e-05,3.54905470202527e-05,0.000158322054465414,5.41644411705979e-05,2.01852422455563e-05,2.63627536662299e-05,0.000193276589656509,7.44191991547804e-05,4.78939220460577e-05,5.71918958892737e-05,1.97249125119264e-05,2.13411663484424e-05,2.07575704592233e-05,2.99493418017144e-05,1.93123531699387e-05,2.68868677924711e-05,1.67078275811926e-05,1.06206922557966e-05,3.1716932738741e-05,1.04908296542311e-05,2.7361990351638e-05,4.61680695141718e-05,0.000231979369485725,8.46169729260862e-05,3.3399733646515e-05,1.07949903859209e-05,4.81431970253721e-05,0.00162708852132048,3.00113381001783e-05,1.23359419580242e-05,1.80367487038449e-05,4.90829756789909e-05,3.3610494646305e-05,0.000328668382596588,1.89568353460804e-05,0.000199347096099157,2.40352974889377e-05,3.47050300276391e-05,5.4609331452631e-05,0.00011135028769305,4.02280483553992e-05,6.78627754123574e-05,5.23155754931403e-05,1.7798714968391e-05,2.04901217006898e-05,1.80779820609027e-05,1.34821500141413e-05,4.15200322250044e-05,2.43285094678403e-05,2.65926931116164e-05,3.10444778616377e-05,8.54855809050358e-05,1.98181358777267e-05,3.57297250843893e-05,6.7892519196482e-06,5.89288145915908e-05,6.88354051627784e-05,4.82610786132669e-05,5.05586032312451e-05,4.01993757738186e-05
"4",4.09779862864125e-05,1.24593503024856e-05,1.02338227688269e-05,0,0.000311377129341875,0.000298232725476443,3.4307938576006e-05,7.2423891203001e-06,1.40162234530436e-05,7.06031595523934e-06,2.1956011577283e-05,2.43986775611531e-05,0.000438578096849788,1.67768374578505e-05,1.47053298805462e-05,8.52602152035328e-06,1.83058427771261e-05,6.93979429365738e-06,8.92798930874515e-06,1.67139639071971e-05,1.43986508380583e-05,3.34969578234809e-06,1.42502728755318e-05,2.29823046265681e-05,8.38621160161766e-05,1.28120794175987e-05,8.02522304996054e-06,1.96863056760892e-05,1.17113502914268e-05,1.29832769840136e-05,0.000100506514889954,5.39483120613252e-05,7.23732492591319e-06,3.5864331502055e-05,9.17224512856153e-05,2.1618332836782e-05,6.35196246223256e-06,1.33839854757406e-05,0.000160143133167535,1.9187567897476e-05,1.26829326636327e-05,7.51517024486282e-06,5.07454508881783e-05,2.57507869598126e-05,2.97049952078829e-05,1.64269467329345e-05,7.53135376727816e-06,1.11007817630834e-05,1.40408658841006e-05,1.67141267744344e-05,1.21344728911811e-05,1.42874214222113e-05,7.32805893276902e-06,6.43619760464306e-06,1.86297062582027e-05,5.72003627804883e-06,1.71922772563798e-05,2.75997301927107e-05,6.64738596392688e-06,5.31671285767326e-05,1.87084506866395e-05,6.30539512306215e-06,3.02496704600718e-05,3.8262523154362e-05,1.88569339738229e-05,8.09073686301308e-06,2.68588592485511e-05,2.99918465582696e-05,2.11258310621067e-05,0.000123267627431179,8.40209514927778e-06,1.99078610242748e-05,1.28808808133127e-05,4.60002631187777e-05,6.77188450522414e-05,5.7237527952131e-05,2.45567762882823e-05,3.25890657471709e-05,2.78322194425537e-05,8.77677555432429e-06,1.27095425717301e-05,1.7018444635275e-05,8.75268094126091e-06,0.000360192982549135,0.000149763008169288,1.59045351038538e-05,1.04441819622708e-05,1.05572744147872e-05,1.06417363798857e-05,8.90718606172396e-06,4.10545066171665e-06,2.75704370800045e-05,3.53835495958644e-05,2.50243123735533e-05,2.5730598467587e-05,2.13863240047374e-05
"5",4.55857417252273e-05,1.02293564240919e-05,9.13329463190622e-06,0.000311377129341875,0,0.000146901208243069,3.15143748422135e-05,5.94613506121062e-06,7.70151422244561e-06,5.9249713026509e-06,1.53345778979346e-05,1.91629523441128e-05,0.000140292860531237,1.3774093019214e-05,1.17980934006493e-05,7.00002093959684e-06,1.5029434590442e-05,5.75450340078246e-06,6.74202025959315e-06,1.68594013050683e-05,1.18215579362243e-05,2.75016202595091e-06,1.15772402583043e-05,3.06486732136205e-05,8.56105979275168e-05,1.05189535340573e-05,6.58885615765268e-06,1.61628200945731e-05,7.31464440379015e-06,9.05904568150315e-06,5.3652005985069e-05,3.0352040929029e-05,5.56253640453633e-06,2.94452777183027e-05,6.69581609195991e-05,1.77490500317641e-05,5.28546275181284e-06,1.09884989571973e-05,0.000254918236463689,2.31917632664132e-05,1.04129216668042e-05,6.17009339620985e-06,4.74459764113615e-05,2.11452265787979e-05,2.43883490053856e-05,1.34868262799574e-05,5.34831428332954e-06,8.85387600166429e-06,1.03811756044844e-05,1.37226063913651e-05,9.96262607670717e-06,1.1730236534071e-05,6.38090363781988e-06,5.28423695581026e-06,1.58432803416864e-05,4.75963749257092e-06,1.41151767570282e-05,2.31615143556525e-05,6.28487035408526e-06,4.3651193284807e-05,1.53599831106766e-05,5.17684570564371e-06,2.48355374345375e-05,3.39137308474451e-05,1.54818906283837e-05,6.00303494601858e-06,1.7864750323713e-05,2.68478814286882e-05,2.18910741484186e-05,0.000115980681548217,9.02401180663591e-06,2.79949623608784e-05,1.05754407490522e-05,8.467172009494e-05,7.80226403495308e-05,4.6993066254784e-05,2.01615663081095e-05,2.67562241178394e-05,2.2850765556742e-05,7.20589462690752e-06,1.04347688921998e-05,1.24382786350115e-05,5.94741329858579e-06,0.000141093494402643,7.10655602474696e-05,1.30579166960531e-05,8.57486604488726e-06,8.17202766275629e-06,1.00387140136756e-05,7.47485270314613e-06,4.15999617255109e-06,2.26358374082396e-05,2.90505469047949e-05,2.05454220583092e-05,2.11252959696967e-05,1.75585665010098e-05
"6",0.000120663568187526,4.67137213832858e-05,3.33864536739855e-05,0.000298232725476443,0.000146901208243069,0,9.63851701684114e-05,2.71538193646859e-05,3.51699925881383e-05,2.61186681300463e-05,7.24043051640591e-05,7.16618906360653e-05,0.00095996189641232,6.29012341472053e-05,3.26791787854593e-05,3.19665298864119e-05,6.86339189778063e-05,2.56728148139485e-05,2.85033107373195e-05,5.7080520075417e-05,5.39847220934213e-05,1.14642809325789e-05,4.91817666914905e-05,8.44312498675996e-05,0.000204055208267457,4.80362052373498e-05,3.00888910330894e-05,7.38096751510042e-05,9.86904487756526e-05,0.000169698852136549,0.000217053920970975,0.000130701390980429,2.39493717019235e-05,0.000134465790648054,0.000283454423910203,8.10534058671665e-05,2.38153513220208e-05,5.01804470805318e-05,0.000448656928853819,5.05789093155229e-05,4.75519965638753e-05,2.81765549923133e-05,0.000136295196253952,6.76320048032761e-05,0.000111372650751785,6.15893922420088e-05,2.1804965677141e-05,3.76125271751957e-05,3.95366460068913e-05,6.26661135894124e-05,4.54956616524848e-05,5.35676907221732e-05,2.72038069365254e-05,2.41311733253929e-05,6.98481771898265e-05,2.14460766017433e-05,6.44588385590623e-05,0.000102101407069082,2.41758687997575e-05,0.000199339000091147,7.01434129124911e-05,2.36407568484122e-05,0.000113414796398019,8.29093057381111e-05,7.0700119862626e-05,2.74136602828691e-05,8.92105624188074e-05,0.000112448139740783,7.92068737347192e-05,0.000343198053377337,3.13458551426933e-05,6.16144738017042e-05,4.82941616437545e-05,0.000147986993649717,0.000235669887446288,0.000214600109035418,9.20704834323219e-05,0.000122185868483946,0.000104351070718234,3.29066795566816e-05,4.76517648345088e-05,4.84043487526451e-05,2.51298526800409e-05,0.00159994633549825,0.000207598467201869,5.96307193822051e-05,3.91582702482108e-05,3.68216973499742e-05,3.9559690999218e-05,3.29509101566624e-05,1.47306795406042e-05,0.000103369572642468,0.000132663199704974,9.38234119473525e-05,9.64714835572337e-05,8.01835374008764e-05
"7",8.40087702129575e-05,1.87928764185632e-05,3.95250876570872e-05,3.4307938576006e-05,3.15143748422135e-05,9.63851701684114e-05,0,1.09239503191265e-05,2.363213845161e-05,1.09353667207987e-05,3.97588710940188e-05,5.98738285191491e-05,0.000214866485328738,2.53050941971516e-05,4.37122499245924e-05,1.48744576149085e-05,2.77344872989037e-05,1.24535916603901e-05,2.57017826649816e-05,3.03372191954309e-05,2.17179916467787e-05,9.87143935160068e-06,3.35265737502157e-05,3.53461561397573e-05,0.00142021478342766,1.93249101529568e-05,1.21308291563741e-05,2.96935474745419e-05,6.4760610857091e-06,7.066193659009e-06,0.000201759983594242,9.58833148424129e-05,1.60462646717835e-05,6.1269267362477e-05,0.000161702530908539,3.26076920155268e-05,1.13418440186954e-05,2.02775681898385e-05,0.000417678705586672,4.03829608847661e-05,2.02741095219531e-05,1.15403121877394e-05,0.000238582124568444,0.000341789826712605,4.48050893829021e-05,2.52252560371491e-05,1.86688916132669e-05,2.68405865932792e-05,0.00010555528178827,2.5210505467005e-05,1.83028523889307e-05,2.1550220405472e-05,1.1488674337979e-05,9.70794329182472e-06,2.80998413982061e-05,8.74417465642138e-06,2.59317166616917e-05,4.16296440909784e-05,1.31866504154707e-05,8.0193850611381e-05,2.82186143900826e-05,9.5106493068325e-06,4.56266422290881e-05,0.00014406618050405,3.01434656142077e-05,1.44909366737858e-05,3.94653713343027e-05,4.52377573669815e-05,3.10830437439721e-05,0.000367045141343274,1.42139780008138e-05,6.65592976530289e-05,1.94286857187518e-05,7.13644173635442e-05,0.000104252184407903,8.63333771981565e-05,3.70398496566812e-05,4.92612337979462e-05,4.19803158061859e-05,1.32973593786623e-05,1.91702502207794e-05,3.1723716805913e-05,2.02089494932003e-05,0.000128176194140295,0.000135426758619533,2.39893698664044e-05,1.66476548880501e-05,2.09152343499791e-05,1.65239927094466e-05,1.39814945580026e-05,6.03231880923895e-06,4.1675135993353e-05,5.33702527548747e-05,3.77450507834177e-05,3.88103669483124e-05,3.22577449313871e-05
"8",2.07195035955095e-05,0.000212025009198458,1.21571695332975e-05,7.2423891203001e-06,5.94613506121062e-06,2.71538193646859e-05,1.09239503191265e-05,0,1.06318891604569e-05,2.73615690628723e-05,1.29132150823477e-05,1.40833633601518e-05,4.64208452594172e-05,3.15176317839131e-05,9.80376209757799e-06,1.22251471022154e-05,2.62480713010352e-05,1.18543065743734e-05,9.92339549223581e-06,3.43945351912328e-05,2.06931453725912e-05,4.33591020566002e-06,1.87683983053283e-05,3.81612932360558e-05,1.91630023737046e-05,3.32909830292951e-05,1.82470167463766e-05,2.82923441776797e-05,4.5513568945688e-06,4.83990688925091e-06,2.18716750257345e-05,4.21263955804626e-05,9.01768439618772e-06,5.13138849434666e-05,3.58925988913619e-05,3.221336428449e-05,9.69449738478826e-06,2.11365895395895e-05,4.55755854084066e-05,1.87996392888589e-05,1.81464569445577e-05,1.33320216988953e-05,2.31439247834277e-05,1.06801570894896e-05,4.2690790341558e-05,3.71230778518167e-05,7.42306600452342e-06,1.43534268649239e-05,6.17656048578671e-06,2.47247398584549e-05,2.07676946761578e-05,0.000647452494194676,2.66816551267149e-05,1.01643316343708e-05,0.000153284763542895,0.000121658906113628,2.47080297003809e-05,0.000289302832326156,1.28666110932913e-05,0.000271683578810043,7.36009978317194e-05,1.15682826113887e-05,0.000122755975336187,2.62204418871496e-05,2.69800802020763e-05,1.04614073427514e-05,1.48590344791213e-05,9.26331710363645e-05,4.8205223830907e-05,5.36302845918396e-05,1.8518014208092e-05,2.36362199414553e-05,2.21851960506891e-05,1.42788391734586e-05,3.00219505226971e-05,0.000193329847090998,6.40458455125053e-05,0.000116782009006733,8.84790434211438e-05,1.26136187682379e-05,5.00006671280422e-05,1.1162836379817e-05,8.66648339107837e-06,3.27952446162358e-05,1.50419957350955e-05,2.28573399472688e-05,1.50099462841207e-05,1.41143032061922e-05,3.47373512344241e-05,2.51124273503932e-05,8.53665419323375e-06,8.24103535586537e-05,0.000117013283918976,8.98326666276924e-05,8.69096350817025e-05,7.22360817736971e-05
"9",1.98766867728136e-05,1.82904327877157e-05,1.32546333411708e-05,1.40162234530436e-05,7.70151422244561e-06,3.51699925881383e-05,2.363213845161e-05,1.06318891604569e-05,0,1.02265828923703e-05,0.000279237516204534,7.0851397647421e-05,0.000119996718885967,2.46285408519278e-05,2.62480656099753e-05,2.39795629394157e-05,3.4968250407468e-05,1.00736884906772e-05,2.6119922214166e-05,2.10639898488638e-05,2.11373425574809e-05,5.9212150271142e-06,6.33436425625324e-05,2.40378562296971e-05,3.95597793026898e-05,1.88082421449949e-05,1.17810960634478e-05,2.88996650760435e-05,5.11864976732922e-06,5.03286887111949e-06,6.3153489886232e-05,0.00125947989732025,9.74486720577465e-05,0.000174094105648737,0.000216153131595836,3.17358974692882e-05,9.91980789378622e-06,1.97354300541353e-05,5.59233445728734e-05,1.38592347237302e-05,0.000102250595213851,1.10323341839487e-05,3.08483714632697e-05,2.25922529984168e-05,4.38016655237859e-05,2.41148982757298e-05,3.72172619052441e-05,8.67792120090483e-05,1.7823188101638e-05,2.46459083858612e-05,1.78135099697959e-05,2.09740568238611e-05,1.05096201781052e-05,9.44839312148527e-06,2.69843781096849e-05,8.39706216993318e-06,2.52384100287199e-05,3.99770959844024e-05,9.3398397935259e-06,7.80497993988148e-05,2.74641655895981e-05,9.25637395999297e-06,4.4406774909452e-05,3.99625542540078e-05,0.0001793176492795,0.000126608663914313,0.000236671336673385,4.25011236243437e-05,2.7258691197531e-05,6.20873063205667e-05,1.07875357954278e-05,1.92837927369343e-05,1.89092431822446e-05,1.58447446965869e-05,2.90200471486542e-05,8.40251804891139e-05,3.60495575836079e-05,4.78410271957891e-05,4.08579361433818e-05,1.47886394787321e-05,1.86577171784363e-05,0.000126443919281449,0.000107802422381445,7.12024063033237e-05,3.70670175984192e-05,2.43829244511688e-05,1.73505530895476e-05,2.70020547363285e-05,1.4952059870216e-05,1.29016997504749e-05,4.97296641248158e-06,4.04736373965796e-05,5.19433533821463e-05,3.6735904554828e-05,3.7772738580535e-05,3.13953065198691e-05
"10",2.86078489674252e-05,4.74874766916288e-05,1.77259022949703e-05,7.06031595523934e-06,5.9249713026509e-06,2.61186681300463e-05,1.09353667207987e-05,2.73615690628723e-05,1.02265828923703e-05,0,1.24209406676094e-05,1.35756927477242e-05,4.46512011943251e-05,2.87132596243151e-05,9.60049750855639e-06,1.1786130229057e-05,2.53054776379347e-05,2.13907937523362e-05,9.71765050512251e-06,0.000153059923776212,1.99042863655643e-05,4.81278310992534e-06,1.81334260922516e-05,4.76257453532588e-05,1.91374558083049e-05,3.24474907511281e-05,2.23860504396563e-05,2.72137903796655e-05,4.37785118454608e-06,4.65540114717971e-06,2.10378884006393e-05,4.0520463471599e-05,8.67391444578274e-06,4.9577834239829e-05,3.45243100492723e-05,3.17101201391975e-05,1.16141824769253e-05,2.28382460592392e-05,4.91642267310209e-05,2.60490771864956e-05,1.74546821684862e-05,1.79744559030942e-05,2.60210037124986e-05,1.09340945063603e-05,4.15997705140762e-05,7.0697765648423e-05,7.17192892974339e-06,1.3806249050231e-05,6.04849984781788e-06,2.53894475733491e-05,1.87846013005415e-05,0.000305298157990831,0.000254327599197424,1.05416280754583e-05,7.13624928411759e-05,6.73826923601945e-05,2.37661162587999e-05,9.16074643266039e-05,2.89665380855554e-05,0.000144208492871992,6.38038972502466e-05,1.15426255253801e-05,7.27788915254839e-05,2.89571839388006e-05,2.59515522091349e-05,1.00626001406604e-05,1.42925820151037e-05,7.01766572709848e-05,4.81530014919235e-05,6.65620871092861e-05,2.61470186166881e-05,3.83624099226458e-05,2.24166296405826e-05,1.6126444684441e-05,3.59323834376112e-05,0.000262460887382524,5.20130089367679e-05,0.000185381941552988,9.47908586218429e-05,1.24882945629739e-05,3.44728787960861e-05,1.07372894721995e-05,8.33610183915844e-06,3.15450323533173e-05,1.46638409954334e-05,2.1985978046049e-05,1.59924401532935e-05,1.41691488987771e-05,3.80739122254002e-05,0.00113492358323808,9.67701739208694e-06,0.000126423373622876,0.000155795695506521,0.000114748198720133,0.000124899638562805,7.88537989650531e-05
"11",2.8040318182864e-05,2.22150822842896e-05,1.80165995640815e-05,2.1956011577283e-05,1.53345778979346e-05,7.24043051640591e-05,3.97588710940188e-05,1.29132150823477e-05,0.000279237516204534,1.24209406676094e-05,0,0.000148185442638299,0.000212713587390399,2.9913182914678e-05,3.90598336318296e-05,2.12438526171638e-05,3.83146105564046e-05,1.22352391178516e-05,3.09981473569862e-05,2.55837723010157e-05,2.56728645863989e-05,7.42288014724326e-06,5.73087607503853e-05,2.9195752789365e-05,5.87288601403839e-05,2.28440000148344e-05,1.43090117924595e-05,3.51007789210929e-05,7.21477385043619e-06,7.09993803956523e-06,0.000170625870386363,0.000579564313028057,6.07127186652357e-05,0.00013722250115373,0.000779214983671625,3.85455927603594e-05,1.22330658941392e-05,2.38637113025065e-05,0.0001107480329141,1.72303346499939e-05,6.12734440932706e-05,1.33995851562795e-05,5.76860314894164e-05,3.29454735104128e-05,5.29641511617101e-05,2.92893260476816e-05,3.64898442111071e-05,6.72717374407717e-05,3.14096526239216e-05,2.98013694606557e-05,2.16358242773134e-05,2.54745419960963e-05,1.27647103675996e-05,1.14757716826188e-05,3.2774521360678e-05,1.01988525485655e-05,3.0653914099245e-05,4.85551373818179e-05,1.14970269714578e-05,9.47972492527069e-05,3.33572587113437e-05,1.12425502207638e-05,5.39353097897148e-05,6.69920439616974e-05,0.000116494465044276,7.77686564144197e-05,0.00141027198393366,5.16207554762556e-05,3.31076948776137e-05,0.000100678716752226,1.31022594228115e-05,2.56580717658836e-05,2.29666732385542e-05,2.23332821935618e-05,3.91053819925192e-05,0.000102054791167742,4.37848517488308e-05,5.81064629828326e-05,4.96249828490163e-05,1.60342395445554e-05,2.26611763191488e-05,0.000195720107701733,8.84950622229546e-05,0.000116928701766666,6.46678802227173e-05,2.83578635681346e-05,2.0251248559539e-05,2.99533775674837e-05,1.81603816701134e-05,1.56700677830048e-05,6.04003521034693e-06,4.91582236213345e-05,6.30890412982091e-05,4.46184708664422e-05,4.58777824127334e-05,3.81319198826071e-05
"12",4.49753454020304e-05,2.42281317154706e-05,3.77150601714684e-05,2.43986775611531e-05,1.91629523441128e-05,7.16618906360653e-05,5.98738285191491e-05,1.40833633601518e-05,7.0851397647421e-05,1.35756927477242e-05,0.000148185442638299,0,0.000193567348666572,3.26238060436228e-05,0.00048116138079557,3.78870048766333e-05,4.71369280621207e-05,1.60004749539608e-05,0.000144337920069751,2.9038228199939e-05,2.79992455914778e-05,1.79197143979009e-05,0.000113481208691344,3.25928393090147e-05,8.28020462499149e-05,2.49140396684027e-05,1.56752398180121e-05,3.82814830092829e-05,6.78033823516232e-06,6.79022614864817e-06,0.000172807522256077,0.000469139965241275,5.6901282997897e-05,0.000166932645833206,0.000394810548351895,4.22259355998623e-05,1.71638711943559e-05,2.76870534835184e-05,0.000149493405246258,2.10951446058171e-05,5.81653542650177e-05,1.46789808991032e-05,9.42712056976753e-05,7.71319638616813e-05,5.80211815643873e-05,3.20858782258675e-05,0.000149761896002549,9.5326279097496e-05,0.000342073001802057,3.26468116720076e-05,2.35963834684616e-05,2.77829517340654e-05,1.39214016918023e-05,1.25714812337074e-05,3.57444285047538e-05,1.11230352303514e-05,3.35037522892036e-05,5.2955026179732e-05,1.46919303717392e-05,0.000103387428944305,3.63799713808402e-05,1.23159917283307e-05,5.88227301153889e-05,0.000146889570098485,8.74261655682613e-05,4.53968828626184e-05,0.000104387391899537,5.6298439363211e-05,3.61077929861059e-05,0.000170489643300791,1.44823944842225e-05,3.38900907102629e-05,2.51595369448206e-05,3.39699701138485e-05,4.68278308087907e-05,0.000111542637985491,4.77524747258414e-05,6.35085143083424e-05,5.42385265172504e-05,2.09410868549133e-05,2.47146491586987e-05,0.000285610956936074,0.000118106277737438,0.000103848184672606,6.64192107393e-05,3.35588763265994e-05,2.63492238838973e-05,5.75435934361641e-05,1.98060089751676e-05,1.73989783482328e-05,6.67626626767459e-06,5.38518631103481e-05,6.89543137941589e-05,4.86616333561612e-05,5.01429557268857e-05,4.15872948682675e-05
"13",0.000201518112471951,7.98594997890134e-05,6.2348883248167e-05,0.000438578096849788,0.000140292860531237,0.00095996189641232,0.000214866485328738,4.64208452594172e-05,0.000119996718885967,4.46512011943251e-05,0.000212713587390399,0.000193567348666572,0,0.000107532882124539,0.000103395941229839,5.46484204453214e-05,0.000117333200520574,4.44813322906222e-05,6.61586016739884e-05,9.60911287327618e-05,9.22896479870703e-05,2.16771374697722e-05,0.000101985337360798,0.000115202215155178,0.000446252373354259,8.21203536866948e-05,5.14385006365261e-05,0.000126181420846034,6.95654972021352e-05,7.00328992432573e-05,0.00109449766487456,0.000436839130189864,7.32056494030635e-05,0.000238451929694905,0.00133638420315025,0.000138564949592387,4.07135631150273e-05,8.57860449643855e-05,0.000780677237254172,7.87178954415015e-05,8.61539345563702e-05,4.81692642082863e-05,0.000277974105078529,0.000149221270347002,0.000190397251938836,0.00010529022118362,6.7864043994303e-05,8.7316139717458e-05,9.68634893196646e-05,0.000107130931486066,7.77771642795647e-05,9.15767114939373e-05,4.65063015742764e-05,4.12534770089497e-05,0.000117818914564141,3.66631666057947e-05,0.000110195686660693,0.000174547585909282,4.17419322196497e-05,0.000340780232538206,0.000119913757731364,4.04150849181414e-05,0.000193888404537586,0.00022905088940647,0.000134543172300637,7.85162842522005e-05,0.000257498145428503,0.000185567969468206,0.000123293159668738,0.000628950209833502,4.879285522624e-05,0.000103667954002553,8.25613433782207e-05,0.000207532488281619,0.000295300422346227,0.000366869880085557,0.000157399208080833,0.0002088830015993,0.000178393501164902,5.62556544693143e-05,8.14631331236471e-05,0.000132540308809592,8.18594493238259e-05,0.00306157432855616,0.00115528819431265,0.000101941769589477,6.69430690174904e-05,6.83839288430324e-05,6.61646181019521e-05,5.63312689458587e-05,2.26860133884485e-05,0.000176715579923488,0.000226794536061945,0.000160395929177567,0.000164922943251986,0.000137077864887014
"14",4.4278574150155e-05,7.32775669280013e-05,2.70496103353164e-05,1.67768374578505e-05,1.3774093019214e-05,6.29012341472053e-05,2.53050941971516e-05,3.15176317839131e-05,2.46285408519278e-05,2.87132596243151e-05,2.9913182914678e-05,3.26238060436228e-05,0.000107532882124539,0,2.28114850052585e-05,3.14028442463318e-05,7.87747294661703e-05,2.89897038286611e-05,2.30898491027552e-05,4.77688737196847e-05,0.000162468853164351,1.05783949005856e-05,4.36704840706494e-05,5.4513001903591e-05,4.43906797450183e-05,0.000185287359367739,8.55260874090035e-05,0.000132064087615427,1.05431196204056e-05,1.12115394303377e-05,5.06652612477237e-05,9.75848825020395e-05,2.08892704945917e-05,0.000120957367888617,8.31444275553166e-05,0.000497434260002735,2.94301042092251e-05,9.41961819123354e-05,0.000105574855996075,3.14299445698342e-05,4.22233451168314e-05,4.91388842745279e-05,5.27739852738659e-05,2.47403524635877e-05,0.000231490309643413,0.000103391087299358,1.72720591513602e-05,3.33976873820893e-05,1.43078685220288e-05,0.000132967820429986,0.00168827584104385,6.68550736133681e-05,2.63399161323487e-05,0.000161102898343199,6.41095208038166e-05,2.23262303044056e-05,0.000130368675975421,9.34528859351611e-05,2.39503266943933e-05,0.000328948618309788,0.000147725395820541,0.000458746324061731,0.000225957218818879,6.07390854463639e-05,6.24987711418701e-05,2.42336234154776e-05,3.44206313822704e-05,9.61629410850832e-05,6.167544977995e-05,0.000120702487750674,2.44639519319824e-05,4.31493880550384e-05,0.000148341179337067,3.26361533381619e-05,6.46469064084765e-05,0.000420443420886449,0.00110953506229054,0.000213710172403082,0.000230151022969565,4.77957604001452e-05,0.000102538044449772,2.58584685801873e-05,2.01190126709041e-05,7.59694734952653e-05,3.48444571670463e-05,9.07805987133428e-05,5.43178985740599e-05,3.52939691455732e-05,3.39082512341811e-05,3.67648738790615e-05,1.12518219604823e-05,0.000199890961898864,0.000272027330062774,0.000183818342197921,0.000186551778740192,0.000174972693796889
"15",4.04010600204772e-05,1.69021448245151e-05,6.22880444187453e-05,1.47053298805462e-05,1.17980934006493e-05,3.26791787854593e-05,4.37122499245924e-05,9.80376209757799e-06,2.62480656099753e-05,9.60049750855639e-06,3.90598336318296e-05,0.00048116138079557,0.000103395941229839,2.28114850052585e-05,0,3.37339455410524e-05,3.43340488450733e-05,1.55480451511722e-05,0.000277140473246623,2.26507649931937e-05,1.95778619488635e-05,4.28558952105281e-05,0.000114364718441176,2.32668438793093e-05,5.69269525101e-05,1.74205989808868e-05,1.09119049241527e-05,2.66486451118193e-05,4.3641716535453e-06,4.64085435204452e-06,7.01550607134521e-05,0.000149910548729442,2.51393334022815e-05,0.000116798943978179,0.000125541167467137,2.93944717878981e-05,2.17003322565725e-05,2.20837855121925e-05,0.000111957440701137,1.62954119520989e-05,3.35965463048706e-05,1.21516849264254e-05,0.000106286552875239,0.000106605804231226,4.12003818308751e-05,2.29383508157978e-05,0.000117460978675076,5.23193926257372e-05,0.000161001434079366,2.39492930832063e-05,1.64992566149209e-05,1.94266231854128e-05,9.86620686476314e-06,8.75130521578089e-06,2.4882541507522e-05,7.7597048983986e-06,2.33763589726285e-05,3.68632453243408e-05,1.36594324142998e-05,7.19704328667759e-05,2.54379017131262e-05,8.5734529325523e-06,4.09478927180853e-05,0.000425673402283049,4.99512117758078e-05,2.32290749885877e-05,3.38005598274714e-05,3.91906742634731e-05,2.54747248731235e-05,0.000160936961607215,1.03523299711466e-05,4.02997569535653e-05,1.75141483170244e-05,2.67189833408309e-05,3.52229880077559e-05,7.78259319671196e-05,3.33898766966661e-05,4.43113898250891e-05,3.78435004852351e-05,1.54223180619539e-05,1.72415514441284e-05,6.6388510895653e-05,4.26041332586859e-05,6.02496587238748e-05,4.10861755594159e-05,2.50809229025172e-05,2.27825691856791e-05,0.000119277314437647,1.39735106399651e-05,1.23812013733651e-05,4.64750674356393e-06,3.74875547086289e-05,4.81110526979078e-05,3.40255860444721e-05,3.49859240512e-05,2.90790091146398e-05
"16",2.26028138045232e-05,2.1079712065177e-05,2.02115126666039e-05,8.52602152035328e-06,7.00002093959684e-06,3.19665298864119e-05,1.48744576149085e-05,1.22251471022154e-05,2.39795629394157e-05,1.1786130229057e-05,2.12438526171638e-05,3.78870048766333e-05,5.46484204453214e-05,3.14028442463318e-05,3.37339455410524e-05,0,0.000434715388059628,2.05045323354086e-05,9.7363747805016e-05,2.42762348005279e-05,2.96916347778146e-05,3.05679759266878e-05,0.000303027550615953,2.75806103920369e-05,2.43670517364434e-05,2.29126936619221e-05,1.55008820923186e-05,3.9667455414908e-05,5.35803395610618e-06,5.69772620730844e-06,2.94495257034292e-05,0.000135798834200429,3.79023495076982e-05,0.000733060538832333,5.31114721307871e-05,5.54113943580857e-05,5.35727146715627e-05,9.12578465830292e-05,5.37690469212513e-05,1.59727591364678e-05,8.86468748450609e-05,2.3217846078295e-05,3.12507486698444e-05,1.7102807729874e-05,0.000169457517001533,3.46551022470355e-05,4.45456938607972e-05,0.000103422823153479,1.17117049770382e-05,0.000119439282210395,2.25373342140845e-05,2.41725870468519e-05,1.21123305194628e-05,1.8073715080772e-05,3.0961397397625e-05,9.65541670954265e-06,4.74887061425728e-05,4.58690117128119e-05,1.31567748043869e-05,8.99523437836222e-05,3.20659225081388e-05,1.40330434250528e-05,5.11787796220475e-05,6.5979397801117e-05,9.94657981908994e-05,3.2353311059702e-05,2.15023181139324e-05,4.87650363121249e-05,3.12761393749888e-05,6.61137662787077e-05,1.23774274636135e-05,2.22258965616768e-05,3.9792547419443e-05,1.65857567853178e-05,3.28536839346331e-05,9.96766600132783e-05,4.27645555055478e-05,5.67524374803156e-05,4.95939125504365e-05,0.000144868192405679,2.15030070900833e-05,3.00302154779189e-05,3.92414158674899e-05,3.86078346135164e-05,1.87669748033915e-05,0.00014530943926313,0.0002397830017029,0.000309772362943448,1.71557286098318e-05,1.53049161231864e-05,5.70589356241724e-06,4.91274455616178e-05,6.16189092946079e-05,4.35787492187087e-05,4.48087156653025e-05,3.72433510499758e-05
"17",4.83140293171744e-05,4.52593151367308e-05,3.39109139763991e-05,1.83058427771261e-05,1.5029434590442e-05,6.86339189778063e-05,2.77344872989037e-05,2.62480713010352e-05,3.4968250407468e-05,2.53054776379347e-05,3.83146105564046e-05,4.71369280621207e-05,0.000117333200520574,7.87747294661703e-05,3.43340488450733e-05,0.000434715388059628,0,3.33161250954937e-05,8.20834634978603e-05,5.21224273734471e-05,9.17905357557269e-05,2.84753551614887e-05,0.000287439569877872,5.92171056956091e-05,4.84363519777568e-05,5.07810626681596e-05,3.54465445225458e-05,0.000124342249991716,1.15039971410861e-05,1.22333353122686e-05,5.5282785506684e-05,0.000220065739898038,6.59562165521695e-05,0.00133640156186353,9.86592076966932e-05,0.000157682200522853,5.26243708957412e-05,0.000162695096408376,0.000115196724051083,3.41421364556407e-05,0.000208846776473354,4.53395021025561e-05,5.77160448191901e-05,2.9356911148021e-05,0.000612125622267598,6.79453510497274e-05,5.29223215907007e-05,0.000148324332371434,1.79192247136582e-05,0.000341217416748281,6.03474311236621e-05,5.18998898770938e-05,2.60058478183017e-05,4.59951771045032e-05,6.64758435769889e-05,2.06861091645609e-05,0.000227608639646389,9.84833212949831e-05,2.37884833095747e-05,0.000193132689004608,6.88473204690172e-05,3.17408611618575e-05,0.000109883688546867,8.16662401877786e-05,0.000210159365921894,6.34706239709691e-05,4.16784603051169e-05,0.000104701247307386,6.71516121214652e-05,0.000132005763003377,2.65750257131422e-05,4.70819316005902e-05,9.05549091475154e-05,3.56105430096428e-05,7.05386880998476e-05,0.000214011337221739,9.4291204602118e-05,0.00012185064220789,0.000106867997133692,0.000757343593889445,4.61681531165292e-05,3.7772499146509e-05,5.47907910779744e-05,8.28931698932699e-05,3.80201069573919e-05,0.000784579196723308,0.000265477267258937,0.000184354139441588,3.68343042424801e-05,3.23420514786149e-05,1.22508710782961e-05,0.000105862825525718,0.000132299228069313,9.35660002402193e-05,9.62068066630905e-05,7.99635477328613e-05
"18",2.79097688058887e-05,2.26179648228267e-05,0.000169661301424049,6.93979429365738e-06,5.75450340078246e-06,2.56728148139485e-05,1.24535916603901e-05,1.18543065743734e-05,1.00736884906772e-05,2.13907937523362e-05,1.22352391178516e-05,1.60004749539608e-05,4.44813322906222e-05,2.89897038286611e-05,1.55480451511722e-05,2.05045323354086e-05,3.33161250954937e-05,0,1.85642439680582e-05,4.02318710961986e-05,2.0835684191746e-05,5.3218315999468e-05,2.65699486183028e-05,2.81822503686773e-05,2.08524059402666e-05,2.6702395250837e-05,2.79740834950982e-05,2.70986798039853e-05,4.30311998239237e-06,4.57593208585925e-06,2.12634334238247e-05,4.00063949047704e-05,8.73571467027908e-06,5.63981807528493e-05,3.44681362567836e-05,3.52358318530882e-05,0.000535263966126413,8.76906786234436e-05,5.10551159971105e-05,2.05594889076062e-05,1.72332408847977e-05,0.000203914486613543,4.04445234941297e-05,1.58420429421867e-05,5.08985176050129e-05,0.000245407785988272,9.45896682172214e-06,1.58254667699665e-05,7.39762792747013e-06,4.12673791153842e-05,1.88946019031832e-05,2.89540938778813e-05,1.43306594066896e-05,1.29332192102675e-05,3.01401537192749e-05,1.01318764788995e-05,2.46926628662216e-05,4.01270099015296e-05,0.000240981447966145,8.39947468017612e-05,3.83431569757033e-05,1.38403960984802e-05,4.77891787491111e-05,0.000126932345319729,2.56223141869569e-05,9.93493954673592e-06,1.40486034532834e-05,4.09680799331771e-05,2.72273324726155e-05,8.42824780857988e-05,1.36004795009819e-05,4.43147860095201e-05,3.6801375971097e-05,1.43787700635031e-05,2.9099241275511e-05,0.000169014218720703,4.50216004640042e-05,0.000111395197102034,8.1351431031881e-05,2.18468995031715e-05,2.13171760650927e-05,1.16460125890402e-05,9.22920810859691e-06,3.10065494103469e-05,1.45572232586555e-05,2.85508189225172e-05,6.86678205582778e-05,7.64616892530916e-05,1.68495835190341e-05,5.0160442411111e-05,5.02370686264272e-06,9.63759608177803e-05,0.000113383803321037,6.80645456657547e-05,8.24516802102423e-05,5.17015789406952e-05
"19",2.3929252810228e-05,1.71477204285687e-05,5.89212540167766e-05,8.92798930874515e-06,6.74202025959315e-06,2.85033107373195e-05,2.57017826649816e-05,9.92339549223581e-06,2.6119922214166e-05,9.71765050512251e-06,3.09981473569862e-05,0.000144337920069751,6.61586016739884e-05,2.30898491027552e-05,0.000277140473246623,9.7363747805016e-05,8.20834634978603e-05,1.85642439680582e-05,0,2.06371592543902e-05,1.98167667755793e-05,7.88047091476211e-05,0.000418507500497924,2.28415970604269e-05,3.93390980832406e-05,1.76331791488175e-05,1.13687165931153e-05,2.70941307379068e-05,4.35860167548809e-06,4.63493124476101e-06,4.69474784269439e-05,0.000155427882669663,3.44746321971957e-05,0.00020822371841735,8.21291510675948e-05,3.07547346288392e-05,4.20251465876841e-05,2.82843700768746e-05,6.20617117831361e-05,1.44332818865054e-05,4.51289836452186e-05,1.50189612161227e-05,6.01058984491232e-05,4.0209942922213e-05,4.92502188361091e-05,2.6956386585213e-05,0.000181769708162911,0.000100916968511379,2.97221378466948e-05,3.01837434033887e-05,1.67005938218551e-05,1.96636824750281e-05,9.98660226072236e-06,9.43109894702199e-06,2.51861783031348e-05,7.85439506216417e-06,2.44581267518358e-05,3.73130803093558e-05,1.35460269054991e-05,7.28486740065699e-05,2.5748315460892e-05,8.93236857286567e-06,4.15369502472329e-05,0.00032118427429433,5.90430583921081e-05,2.57774635360411e-05,2.93235588788232e-05,3.96689104093937e-05,2.54422115647981e-05,0.000110164711840688,1.02506872309886e-05,2.57725398821103e-05,1.98530499627763e-05,1.59657756178352e-05,2.98195975688916e-05,7.87756266191283e-05,3.3797326842505e-05,4.48521130631705e-05,3.83052973325803e-05,3.35868065583723e-05,1.74920583741467e-05,5.24596691005766e-05,5.77119404922018e-05,3.65519950838837e-05,2.90852028108242e-05,2.9940829948193e-05,5.99454809604539e-05,0.000372130766986874,1.39556762938794e-05,1.27541267094295e-05,4.6415751458548e-06,3.84406998822962e-05,4.86981424801286e-05,3.44407936273578e-05,3.54128504512725e-05,2.94338545850872e-05
